-4.0000 1.0000
-3.9192 1.0000
-3.8384 1.0000
-3.7576 1.0000
-3.6768 1.0000
-3.5960 1.0001
-3.5152 1.0001
-3.4343 1.0002
-3.3535 1.0004
-3.2727 1.0006
-3.1919 1.0009
-3.1111 1.0015
-3.0303 1.0023
-2.9495 1.0036
-2.8687 1.0054
-2.7879 1.0081
-2.7071 1.0121
-2.6263 1.0176
-2.5455 1.0253
-2.4646 1.0359
-2.3838 1.0502
-2.3030 1.0692
-2.2222 1.0939
-2.1414 1.1256
-2.0606 1.1654
-1.9798 1.2147
-1.8990 1.2746
-1.8182 1.3458
-1.7374 1.4289
-1.6566 1.5237
-1.5758 1.6297
-1.4949 1.7453
-1.4141 1.8682
-1.3333 1.9953
-1.2525 2.1227
-1.1717 2.2459
-1.0909 2.3601
-1.0101 2.4602
-0.9293 2.5417
-0.8485 2.6007
-0.7677 2.6343
-0.6869 2.6411
-0.6061 2.6211
-0.5253 2.5763
-0.4444 2.5098
-0.3636 2.4264
-0.2828 2.3319
-0.2020 2.2323
-0.1212 2.1338
-0.0404 2.0420
0.0404 1.9613
0.1212 1.8949
0.2020 1.8444
0.2828 1.8097
0.3636 1.7892
0.4444 1.7802
0.5253 1.7790
0.6061 1.7816
0.6869 1.7840
0.7677 1.7827
0.8485 1.7747
0.9293 1.7581
1.0101 1.7320
1.0909 1.6964
1.1717 1.6522
1.2525 1.6009
1.3333 1.5446
1.4141 1.4853
1.4949 1.4253
1.5758 1.3665
1.6566 1.3107
1.7374 1.2590
1.8182 1.2124
1.8990 1.1714
1.9798 1.1362
2.0606 1.1064
2.1414 1.0819
2.2222 1.0620
2.3030 1.0463
2.3838 1.0340
2.4646 1.0246
2.5455 1.0175
2.6263 1.0123
2.7071 1.0085
2.7879 1.0058
2.8687 1.0039
2.9495 1.0026
3.0303 1.0017
3.1111 1.0011
3.1919 1.0007
3.2727 1.0004
3.3535 1.0003
3.4343 1.0002
3.5152 1.0001
3.5960 1.0001
3.6768 1.0000
3.7576 1.0000
3.8384 1.0000
3.9192 1.0000
4.0000 1.0000